100 300
1 2
65 31
66 28
2 3
7 10
97 62
3 4
59 1
1 95
4 5
25 40
12 70
5 6
22 14
50 59
6 7
75 89
43 89
7 8
13 51
93 51
8 9
46 22
44 40
9 10
17 12
46 75
10 11
92 8
35 85
11 12
98 37
19 3
12 13
19 76
1 22
13 14
12 84
56 58
14 15
6 34
8 29
15 16
43 93
12 7
16 17
86 67
13 19
17 18
79 92
85 63
18 19
19 11
9 13
19 20
12 99
24 73
20 21
68 67
29 22
21 22
63 73
10 73
22 23
39 48
14 67
23 24
8 76
92 69
24 25
99 2
46 29
25 26
69 52
100 63
26 27
16 94
64 63
27 28
30 18
98 41
28 29
42 25
68 60
29 30
7 58
88 63
30 31
70 58
57 2
31 32
4 45
94 17
32 33
66 4
63 13
33 34
59 70
78 59
34 35
17 51
14 44
35 36
27 11
97 42
36 37
70 17
70 93
37 38
42 73
5 18
38 39
29 8
99 64
39 40
43 83
29 99
40 41
22 69
18 26
41 42
87 19
18 50
42 43
88 41
36 65
43 44
31 39
40 16
44 45
7 11
34 17
45 46
65 84
1 84
46 47
82 8
67 72
47 48
23 98
67 4
48 49
57 39
37 99
49 50
95 54
51 17
50 51
24 45
88 79
51 52
69 62
85 60
52 53
99 62
29 20
53 54
76 21
65 85
54 55
24 34
60 49
55 56
14 60
21 96
56 57
64 33
95 15
57 58
15 74
48 19
58 59
38 32
29 73
59 60
73 89
37 70
60 61
37 45
60 54
61 62
63 31
93 11
62 63
15 63
56 35
63 64
22 6
33 46
64 65
33 88
36 25
65 66
73 31
52 26
66 67
72 40
91 44
67 68
61 60
17 39
68 69
75 43
18 54
69 70
36 66
49 19
70 71
6 83
6 48
71 72
81 68
46 84
72 73
54 86
26 18
73 74
11 71
99 36
74 75
36 8
64 45
75 76
2 88
45 80
76 77
70 76
86 100
77 78
21 74
27 16
78 79
73 20
54 90
79 80
46 93
13 65
80 81
55 26
47 63
81 82
44 57
16 45
82 83
94 97
7 5
83 84
83 49
88 41
84 85
6 37
21 96
85 86
35 13
54 6
86 87
30 22
47 10
87 88
36 37
68 81
88 89
39 37
56 88
89 90
72 83
55 74
90 91
65 18
10 75
91 92
97 85
70 68
92 93
39 71
14 28
93 94
8 66
35 41
94 95
56 67
42 36
95 96
4 39
86 69
96 97
7 35
16 72
97 98
10 31
13 88
98 99
28 95
45 38
99 100
14 94
38 66
100 1
67 88
10 64

Format of a graph is as follows: two numbers first: N and M -- the number of verices
and the number of edges respectively. Then M lines follow: each line contains two integers -- 
numbers of verticies connected by the edge (vertecies are numbered from 1 to N).

These are other test cases. To use the sample, put it in front.
=================
2 1
1 2

=================
6 6
1 2
2 3
3 1
4 5
5 6
6 4

=================
6 7
1 2
2 3
3 1
3 4
4 5
5 6
6 4

=================
4 3
1 2
2 3
3 4

=================
4 6
1 2
2 3
3 4
4 1
3 1
4 2

=================
6 7
1 2
2 3
3 1
3 4
4 5
5 6
6 4

=================
4 12
1 2
1 3
1 4
2 1
2 3
2 4
3 1
3 2
3 4
4 1
4 2
4 3

=================
6 7
1 2
2 4
4 3
3 2
5 4
1 5
6 3

